id	ibge	localidade	valor	label
1	3500105	Adamantina		Matrícula na Educação de Jovens e Adultos (EJA) no Ensino Fundamental: 
2	3500204	Adolfo		Matrícula na Educação de Jovens e Adultos (EJA) no Ensino Fundamental: 
3	3500303	Aguaí		Matrícula na Educação de Jovens e Adultos (EJA) no Ensino Fundamental: 
4	3500402	Águas da Prata		Matrícula na Educação de Jovens e Adultos (EJA) no Ensino Fundamental: 
5	3500501	Águas de Lindóia		Matrícula na Educação de Jovens e Adultos (EJA) no Ensino Fundamental: 
6	3500600	Águas de São Pedro		Matrícula na Educação de Jovens e Adultos (EJA) no Ensino Fundamental: 
7	3500709	Agudos		Matrícula na Educação de Jovens e Adultos (EJA) no Ensino Fundamental: 
8	3500808	Alfredo Marcondes		Matrícula na Educação de Jovens e Adultos (EJA) no Ensino Fundamental: 
9	3500907	Altair		Matrícula na Educação de Jovens e Adultos (EJA) no Ensino Fundamental: 
10	3501004	Altinópolis		Matrícula na Educação de Jovens e Adultos (EJA) no Ensino Fundamental: 
11	3501103	Alto Alegre		Matrícula na Educação de Jovens e Adultos (EJA) no Ensino Fundamental: 
12	3501202	Álvares Florence		Matrícula na Educação de Jovens e Adultos (EJA) no Ensino Fundamental: 
13	3501301	Álvares Machado		Matrícula na Educação de Jovens e Adultos (EJA) no Ensino Fundamental: 
14	3501400	Álvaro de Carvalho		Matrícula na Educação de Jovens e Adultos (EJA) no Ensino Fundamental: 
15	3501509	Alvinlândia		Matrícula na Educação de Jovens e Adultos (EJA) no Ensino Fundamental: 
16	3501608	Americana		Matrícula na Educação de Jovens e Adultos (EJA) no Ensino Fundamental: 
17	3501707	Américo Brasiliense		Matrícula na Educação de Jovens e Adultos (EJA) no Ensino Fundamental: 
18	3501806	Américo de Campos		Matrícula na Educação de Jovens e Adultos (EJA) no Ensino Fundamental: 
19	3501905	Amparo		Matrícula na Educação de Jovens e Adultos (EJA) no Ensino Fundamental: 
20	3502002	Analândia		Matrícula na Educação de Jovens e Adultos (EJA) no Ensino Fundamental: 
21	3502101	Andradina		Matrícula na Educação de Jovens e Adultos (EJA) no Ensino Fundamental: 
22	3502200	Angatuba		Matrícula na Educação de Jovens e Adultos (EJA) no Ensino Fundamental: 
23	3502309	Anhembi		Matrícula na Educação de Jovens e Adultos (EJA) no Ensino Fundamental: 
24	3502408	Anhumas		Matrícula na Educação de Jovens e Adultos (EJA) no Ensino Fundamental: 
25	3502507	Aparecida		Matrícula na Educação de Jovens e Adultos (EJA) no Ensino Fundamental: 
26	3502606	Aparecida d'Oeste		Matrícula na Educação de Jovens e Adultos (EJA) no Ensino Fundamental: 
27	3502705	Apiaí		Matrícula na Educação de Jovens e Adultos (EJA) no Ensino Fundamental: 
28	3502804	Araçatuba		Matrícula na Educação de Jovens e Adultos (EJA) no Ensino Fundamental: 
29	3502903	Araçoiaba da Serra		Matrícula na Educação de Jovens e Adultos (EJA) no Ensino Fundamental: 
30	3503000	Aramina		Matrícula na Educação de Jovens e Adultos (EJA) no Ensino Fundamental: 
31	3503109	Arandu		Matrícula na Educação de Jovens e Adultos (EJA) no Ensino Fundamental: 
32	3503208	Araraquara		Matrícula na Educação de Jovens e Adultos (EJA) no Ensino Fundamental: 
33	3503307	Araras		Matrícula na Educação de Jovens e Adultos (EJA) no Ensino Fundamental: 
34	3503406	Arealva		Matrícula na Educação de Jovens e Adultos (EJA) no Ensino Fundamental: 
35	3503505	Areias		Matrícula na Educação de Jovens e Adultos (EJA) no Ensino Fundamental: 
36	3503604	Areiópolis		Matrícula na Educação de Jovens e Adultos (EJA) no Ensino Fundamental: 
37	3503703	Ariranha		Matrícula na Educação de Jovens e Adultos (EJA) no Ensino Fundamental: 
38	3503802	Artur Nogueira		Matrícula na Educação de Jovens e Adultos (EJA) no Ensino Fundamental: 
39	3503901	Arujá		Matrícula na Educação de Jovens e Adultos (EJA) no Ensino Fundamental: 
40	3504008	Assis		Matrícula na Educação de Jovens e Adultos (EJA) no Ensino Fundamental: 
41	3504107	Atibaia		Matrícula na Educação de Jovens e Adultos (EJA) no Ensino Fundamental: 
42	3504206	Auriflama		Matrícula na Educação de Jovens e Adultos (EJA) no Ensino Fundamental: 
43	3504305	Avaí		Matrícula na Educação de Jovens e Adultos (EJA) no Ensino Fundamental: 
44	3504404	Avanhandava		Matrícula na Educação de Jovens e Adultos (EJA) no Ensino Fundamental: 
45	3504503	Avaré		Matrícula na Educação de Jovens e Adultos (EJA) no Ensino Fundamental: 
46	3504602	Bady Bassitt		Matrícula na Educação de Jovens e Adultos (EJA) no Ensino Fundamental: 
47	3504701	Balbinos		Matrícula na Educação de Jovens e Adultos (EJA) no Ensino Fundamental: 
48	3504800	Bálsamo		Matrícula na Educação de Jovens e Adultos (EJA) no Ensino Fundamental: 
49	3504909	Bananal		Matrícula na Educação de Jovens e Adultos (EJA) no Ensino Fundamental: 
50	3505005	Barão de Antonina		Matrícula na Educação de Jovens e Adultos (EJA) no Ensino Fundamental: 
51	3505104	Barbosa		Matrícula na Educação de Jovens e Adultos (EJA) no Ensino Fundamental: 
52	3505203	Bariri		Matrícula na Educação de Jovens e Adultos (EJA) no Ensino Fundamental: 
53	3505302	Barra Bonita		Matrícula na Educação de Jovens e Adultos (EJA) no Ensino Fundamental: 
54	3505401	Barra do Turvo		Matrícula na Educação de Jovens e Adultos (EJA) no Ensino Fundamental: 
55	3505500	Barretos		Matrícula na Educação de Jovens e Adultos (EJA) no Ensino Fundamental: 
56	3505609	Barrinha		Matrícula na Educação de Jovens e Adultos (EJA) no Ensino Fundamental: 
57	3505708	Barueri		Matrícula na Educação de Jovens e Adultos (EJA) no Ensino Fundamental: 
58	3505807	Bastos		Matrícula na Educação de Jovens e Adultos (EJA) no Ensino Fundamental: 
59	3505906	Batatais		Matrícula na Educação de Jovens e Adultos (EJA) no Ensino Fundamental: 
60	3506003	Bauru		Matrícula na Educação de Jovens e Adultos (EJA) no Ensino Fundamental: 
61	3506102	Bebedouro		Matrícula na Educação de Jovens e Adultos (EJA) no Ensino Fundamental: 
62	3506201	Bento de Abreu		Matrícula na Educação de Jovens e Adultos (EJA) no Ensino Fundamental: 
63	3506300	Bernardino de Campos		Matrícula na Educação de Jovens e Adultos (EJA) no Ensino Fundamental: 
64	3506409	Bilac		Matrícula na Educação de Jovens e Adultos (EJA) no Ensino Fundamental: 
65	3506508	Birigui		Matrícula na Educação de Jovens e Adultos (EJA) no Ensino Fundamental: 
66	3506607	Biritiba Mirim		Matrícula na Educação de Jovens e Adultos (EJA) no Ensino Fundamental: 
67	3506706	Boa Esperança do Sul		Matrícula na Educação de Jovens e Adultos (EJA) no Ensino Fundamental: 
68	3506805	Bocaina		Matrícula na Educação de Jovens e Adultos (EJA) no Ensino Fundamental: 
69	3506904	Bofete		Matrícula na Educação de Jovens e Adultos (EJA) no Ensino Fundamental: 
70	3507001	Boituva		Matrícula na Educação de Jovens e Adultos (EJA) no Ensino Fundamental: 
71	3507100	Bom Jesus dos Perdões		Matrícula na Educação de Jovens e Adultos (EJA) no Ensino Fundamental: 
72	3507209	Borá		Matrícula na Educação de Jovens e Adultos (EJA) no Ensino Fundamental: 
73	3507308	Boracéia		Matrícula na Educação de Jovens e Adultos (EJA) no Ensino Fundamental: 
74	3507407	Borborema		Matrícula na Educação de Jovens e Adultos (EJA) no Ensino Fundamental: 
75	3507506	Botucatu		Matrícula na Educação de Jovens e Adultos (EJA) no Ensino Fundamental: 
76	3507605	Bragança Paulista		Matrícula na Educação de Jovens e Adultos (EJA) no Ensino Fundamental: 
77	3507704	Braúna		Matrícula na Educação de Jovens e Adultos (EJA) no Ensino Fundamental: 
78	3507803	Brodowski		Matrícula na Educação de Jovens e Adultos (EJA) no Ensino Fundamental: 
79	3507902	Brotas		Matrícula na Educação de Jovens e Adultos (EJA) no Ensino Fundamental: 
80	3508009	Buri		Matrícula na Educação de Jovens e Adultos (EJA) no Ensino Fundamental: 
81	3508108	Buritama		Matrícula na Educação de Jovens e Adultos (EJA) no Ensino Fundamental: 
82	3508207	Buritizal		Matrícula na Educação de Jovens e Adultos (EJA) no Ensino Fundamental: 
83	3508306	Cabrália Paulista		Matrícula na Educação de Jovens e Adultos (EJA) no Ensino Fundamental: 
84	3508405	Cabreúva		Matrícula na Educação de Jovens e Adultos (EJA) no Ensino Fundamental: 
85	3508504	Caçapava		Matrícula na Educação de Jovens e Adultos (EJA) no Ensino Fundamental: 
86	3508603	Cachoeira Paulista		Matrícula na Educação de Jovens e Adultos (EJA) no Ensino Fundamental: 
87	3508702	Caconde		Matrícula na Educação de Jovens e Adultos (EJA) no Ensino Fundamental: 
88	3508801	Cafelândia		Matrícula na Educação de Jovens e Adultos (EJA) no Ensino Fundamental: 
89	3508900	Caiabu		Matrícula na Educação de Jovens e Adultos (EJA) no Ensino Fundamental: 
90	3509007	Caieiras		Matrícula na Educação de Jovens e Adultos (EJA) no Ensino Fundamental: 
91	3509106	Caiuá		Matrícula na Educação de Jovens e Adultos (EJA) no Ensino Fundamental: 
92	3509205	Cajamar		Matrícula na Educação de Jovens e Adultos (EJA) no Ensino Fundamental: 
93	3509304	Cajobi		Matrícula na Educação de Jovens e Adultos (EJA) no Ensino Fundamental: 
94	3509403	Cajuru		Matrícula na Educação de Jovens e Adultos (EJA) no Ensino Fundamental: 
95	3509502	Campinas		Matrícula na Educação de Jovens e Adultos (EJA) no Ensino Fundamental: 
96	3509601	Campo Limpo Paulista		Matrícula na Educação de Jovens e Adultos (EJA) no Ensino Fundamental: 
97	3509700	Campos do Jordão		Matrícula na Educação de Jovens e Adultos (EJA) no Ensino Fundamental: 
98	3509809	Campos Novos Paulista		Matrícula na Educação de Jovens e Adultos (EJA) no Ensino Fundamental: 
99	3509908	Cananéia		Matrícula na Educação de Jovens e Adultos (EJA) no Ensino Fundamental: 
100	3510005	Cândido Mota		Matrícula na Educação de Jovens e Adultos (EJA) no Ensino Fundamental: 
101	3510104	Cândido Rodrigues		Matrícula na Educação de Jovens e Adultos (EJA) no Ensino Fundamental: 
102	3510203	Capão Bonito		Matrícula na Educação de Jovens e Adultos (EJA) no Ensino Fundamental: 
103	3510302	Capela do Alto		Matrícula na Educação de Jovens e Adultos (EJA) no Ensino Fundamental: 
104	3510401	Capivari		Matrícula na Educação de Jovens e Adultos (EJA) no Ensino Fundamental: 
105	3510500	Caraguatatuba		Matrícula na Educação de Jovens e Adultos (EJA) no Ensino Fundamental: 
106	3510609	Carapicuíba		Matrícula na Educação de Jovens e Adultos (EJA) no Ensino Fundamental: 
107	3510708	Cardoso		Matrícula na Educação de Jovens e Adultos (EJA) no Ensino Fundamental: 
108	3510807	Casa Branca		Matrícula na Educação de Jovens e Adultos (EJA) no Ensino Fundamental: 
109	3510906	Cássia dos Coqueiros		Matrícula na Educação de Jovens e Adultos (EJA) no Ensino Fundamental: 
110	3511003	Castilho		Matrícula na Educação de Jovens e Adultos (EJA) no Ensino Fundamental: 
111	3511102	Catanduva		Matrícula na Educação de Jovens e Adultos (EJA) no Ensino Fundamental: 
112	3511201	Catiguá		Matrícula na Educação de Jovens e Adultos (EJA) no Ensino Fundamental: 
113	3511300	Cedral		Matrícula na Educação de Jovens e Adultos (EJA) no Ensino Fundamental: 
114	3511409	Cerqueira César		Matrícula na Educação de Jovens e Adultos (EJA) no Ensino Fundamental: 
115	3511508	Cerquilho		Matrícula na Educação de Jovens e Adultos (EJA) no Ensino Fundamental: 
116	3511607	Cesário Lange		Matrícula na Educação de Jovens e Adultos (EJA) no Ensino Fundamental: 
117	3511706	Charqueada		Matrícula na Educação de Jovens e Adultos (EJA) no Ensino Fundamental: 
118	3557204	Chavantes		Matrícula na Educação de Jovens e Adultos (EJA) no Ensino Fundamental: 
119	3511904	Clementina		Matrícula na Educação de Jovens e Adultos (EJA) no Ensino Fundamental: 
120	3512001	Colina		Matrícula na Educação de Jovens e Adultos (EJA) no Ensino Fundamental: 
121	3512100	Colômbia		Matrícula na Educação de Jovens e Adultos (EJA) no Ensino Fundamental: 
122	3512209	Conchal		Matrícula na Educação de Jovens e Adultos (EJA) no Ensino Fundamental: 
123	3512308	Conchas		Matrícula na Educação de Jovens e Adultos (EJA) no Ensino Fundamental: 
124	3512407	Cordeirópolis		Matrícula na Educação de Jovens e Adultos (EJA) no Ensino Fundamental: 
125	3512506	Coroados		Matrícula na Educação de Jovens e Adultos (EJA) no Ensino Fundamental: 
126	3512605	Coronel Macedo		Matrícula na Educação de Jovens e Adultos (EJA) no Ensino Fundamental: 
127	3512704	Corumbataí		Matrícula na Educação de Jovens e Adultos (EJA) no Ensino Fundamental: 
128	3512803	Cosmópolis		Matrícula na Educação de Jovens e Adultos (EJA) no Ensino Fundamental: 
129	3512902	Cosmorama		Matrícula na Educação de Jovens e Adultos (EJA) no Ensino Fundamental: 
130	3513009	Cotia		Matrícula na Educação de Jovens e Adultos (EJA) no Ensino Fundamental: 
131	3513108	Cravinhos		Matrícula na Educação de Jovens e Adultos (EJA) no Ensino Fundamental: 
132	3513207	Cristais Paulista		Matrícula na Educação de Jovens e Adultos (EJA) no Ensino Fundamental: 
133	3513306	Cruzália		Matrícula na Educação de Jovens e Adultos (EJA) no Ensino Fundamental: 
134	3513405	Cruzeiro		Matrícula na Educação de Jovens e Adultos (EJA) no Ensino Fundamental: 
135	3513504	Cubatão		Matrícula na Educação de Jovens e Adultos (EJA) no Ensino Fundamental: 
136	3513603	Cunha		Matrícula na Educação de Jovens e Adultos (EJA) no Ensino Fundamental: 
137	3513702	Descalvado		Matrícula na Educação de Jovens e Adultos (EJA) no Ensino Fundamental: 
138	3513801	Diadema		Matrícula na Educação de Jovens e Adultos (EJA) no Ensino Fundamental: 
139	3513900	Divinolândia		Matrícula na Educação de Jovens e Adultos (EJA) no Ensino Fundamental: 
140	3514007	Dobrada		Matrícula na Educação de Jovens e Adultos (EJA) no Ensino Fundamental: 
141	3514106	Dois Córregos		Matrícula na Educação de Jovens e Adultos (EJA) no Ensino Fundamental: 
142	3514205	Dolcinópolis		Matrícula na Educação de Jovens e Adultos (EJA) no Ensino Fundamental: 
143	3514304	Dourado		Matrícula na Educação de Jovens e Adultos (EJA) no Ensino Fundamental: 
144	3514403	Dracena		Matrícula na Educação de Jovens e Adultos (EJA) no Ensino Fundamental: 
145	3514502	Duartina		Matrícula na Educação de Jovens e Adultos (EJA) no Ensino Fundamental: 
146	3514601	Dumont		Matrícula na Educação de Jovens e Adultos (EJA) no Ensino Fundamental: 
147	3514700	Echaporã		Matrícula na Educação de Jovens e Adultos (EJA) no Ensino Fundamental: 
148	3514809	Eldorado		Matrícula na Educação de Jovens e Adultos (EJA) no Ensino Fundamental: 
149	3514908	Elias Fausto		Matrícula na Educação de Jovens e Adultos (EJA) no Ensino Fundamental: 
150	3515004	Embu das Artes		Matrícula na Educação de Jovens e Adultos (EJA) no Ensino Fundamental: 
151	3515103	Embu-Guaçu		Matrícula na Educação de Jovens e Adultos (EJA) no Ensino Fundamental: 
152	3515202	Estrela d'Oeste		Matrícula na Educação de Jovens e Adultos (EJA) no Ensino Fundamental: 
153	3515301	Estrela do Norte		Matrícula na Educação de Jovens e Adultos (EJA) no Ensino Fundamental: 
154	3515400	Fartura		Matrícula na Educação de Jovens e Adultos (EJA) no Ensino Fundamental: 
155	3515509	Fernandópolis		Matrícula na Educação de Jovens e Adultos (EJA) no Ensino Fundamental: 
156	3515608	Fernando Prestes		Matrícula na Educação de Jovens e Adultos (EJA) no Ensino Fundamental: 
157	3515707	Ferraz de Vasconcelos		Matrícula na Educação de Jovens e Adultos (EJA) no Ensino Fundamental: 
158	3515806	Flora Rica		Matrícula na Educação de Jovens e Adultos (EJA) no Ensino Fundamental: 
159	3515905	Floreal		Matrícula na Educação de Jovens e Adultos (EJA) no Ensino Fundamental: 
160	3516002	Flórida Paulista		Matrícula na Educação de Jovens e Adultos (EJA) no Ensino Fundamental: 
161	3516101	Florínia		Matrícula na Educação de Jovens e Adultos (EJA) no Ensino Fundamental: 
162	3516200	Franca		Matrícula na Educação de Jovens e Adultos (EJA) no Ensino Fundamental: 
163	3516309	Francisco Morato		Matrícula na Educação de Jovens e Adultos (EJA) no Ensino Fundamental: 
164	3516408	Franco da Rocha		Matrícula na Educação de Jovens e Adultos (EJA) no Ensino Fundamental: 
165	3516507	Gabriel Monteiro		Matrícula na Educação de Jovens e Adultos (EJA) no Ensino Fundamental: 
166	3516606	Gália		Matrícula na Educação de Jovens e Adultos (EJA) no Ensino Fundamental: 
167	3516705	Garça		Matrícula na Educação de Jovens e Adultos (EJA) no Ensino Fundamental: 
168	3516804	Gastão Vidigal		Matrícula na Educação de Jovens e Adultos (EJA) no Ensino Fundamental: 
169	3516903	General Salgado		Matrícula na Educação de Jovens e Adultos (EJA) no Ensino Fundamental: 
170	3517000	Getulina		Matrícula na Educação de Jovens e Adultos (EJA) no Ensino Fundamental: 
171	3517109	Glicério		Matrícula na Educação de Jovens e Adultos (EJA) no Ensino Fundamental: 
172	3517208	Guaiçara		Matrícula na Educação de Jovens e Adultos (EJA) no Ensino Fundamental: 
173	3517307	Guaimbê		Matrícula na Educação de Jovens e Adultos (EJA) no Ensino Fundamental: 
174	3517406	Guaíra		Matrícula na Educação de Jovens e Adultos (EJA) no Ensino Fundamental: 
175	3517505	Guapiaçu		Matrícula na Educação de Jovens e Adultos (EJA) no Ensino Fundamental: 
176	3517604	Guapiara		Matrícula na Educação de Jovens e Adultos (EJA) no Ensino Fundamental: 
177	3517703	Guará		Matrícula na Educação de Jovens e Adultos (EJA) no Ensino Fundamental: 
178	3517802	Guaraçaí		Matrícula na Educação de Jovens e Adultos (EJA) no Ensino Fundamental: 
179	3517901	Guaraci		Matrícula na Educação de Jovens e Adultos (EJA) no Ensino Fundamental: 
180	3518008	Guarani d'Oeste		Matrícula na Educação de Jovens e Adultos (EJA) no Ensino Fundamental: 
181	3518107	Guarantã		Matrícula na Educação de Jovens e Adultos (EJA) no Ensino Fundamental: 
182	3518206	Guararapes		Matrícula na Educação de Jovens e Adultos (EJA) no Ensino Fundamental: 
183	3518305	Guararema		Matrícula na Educação de Jovens e Adultos (EJA) no Ensino Fundamental: 
184	3518404	Guaratinguetá		Matrícula na Educação de Jovens e Adultos (EJA) no Ensino Fundamental: 
185	3518503	Guareí		Matrícula na Educação de Jovens e Adultos (EJA) no Ensino Fundamental: 
186	3518602	Guariba		Matrícula na Educação de Jovens e Adultos (EJA) no Ensino Fundamental: 
187	3518701	Guarujá		Matrícula na Educação de Jovens e Adultos (EJA) no Ensino Fundamental: 
188	3518800	Guarulhos		Matrícula na Educação de Jovens e Adultos (EJA) no Ensino Fundamental: 
189	3518909	Guzolândia		Matrícula na Educação de Jovens e Adultos (EJA) no Ensino Fundamental: 
190	3519006	Herculândia		Matrícula na Educação de Jovens e Adultos (EJA) no Ensino Fundamental: 
191	3519105	Iacanga		Matrícula na Educação de Jovens e Adultos (EJA) no Ensino Fundamental: 
192	3519204	Iacri		Matrícula na Educação de Jovens e Adultos (EJA) no Ensino Fundamental: 
193	3519303	Ibaté		Matrícula na Educação de Jovens e Adultos (EJA) no Ensino Fundamental: 
194	3519402	Ibirá		Matrícula na Educação de Jovens e Adultos (EJA) no Ensino Fundamental: 
195	3519501	Ibirarema		Matrícula na Educação de Jovens e Adultos (EJA) no Ensino Fundamental: 
196	3519600	Ibitinga		Matrícula na Educação de Jovens e Adultos (EJA) no Ensino Fundamental: 
197	3519709	Ibiúna		Matrícula na Educação de Jovens e Adultos (EJA) no Ensino Fundamental: 
198	3519808	Icém		Matrícula na Educação de Jovens e Adultos (EJA) no Ensino Fundamental: 
199	3519907	Iepê		Matrícula na Educação de Jovens e Adultos (EJA) no Ensino Fundamental: 
200	3520004	Igaraçu do Tietê		Matrícula na Educação de Jovens e Adultos (EJA) no Ensino Fundamental: 
201	3520103	Igarapava		Matrícula na Educação de Jovens e Adultos (EJA) no Ensino Fundamental: 
202	3520202	Igaratá		Matrícula na Educação de Jovens e Adultos (EJA) no Ensino Fundamental: 
203	3520301	Iguape		Matrícula na Educação de Jovens e Adultos (EJA) no Ensino Fundamental: 
204	3520400	Ilhabela		Matrícula na Educação de Jovens e Adultos (EJA) no Ensino Fundamental: 
205	3520509	Indaiatuba		Matrícula na Educação de Jovens e Adultos (EJA) no Ensino Fundamental: 
206	3520608	Indiana		Matrícula na Educação de Jovens e Adultos (EJA) no Ensino Fundamental: 
207	3520707	Indiaporã		Matrícula na Educação de Jovens e Adultos (EJA) no Ensino Fundamental: 
208	3520806	Inúbia Paulista		Matrícula na Educação de Jovens e Adultos (EJA) no Ensino Fundamental: 
209	3520905	Ipaussu		Matrícula na Educação de Jovens e Adultos (EJA) no Ensino Fundamental: 
210	3521002	Iperó		Matrícula na Educação de Jovens e Adultos (EJA) no Ensino Fundamental: 
211	3521101	Ipeúna		Matrícula na Educação de Jovens e Adultos (EJA) no Ensino Fundamental: 
212	3521200	Iporanga		Matrícula na Educação de Jovens e Adultos (EJA) no Ensino Fundamental: 
213	3521309	Ipuã		Matrícula na Educação de Jovens e Adultos (EJA) no Ensino Fundamental: 
214	3521408	Iracemápolis		Matrícula na Educação de Jovens e Adultos (EJA) no Ensino Fundamental: 
215	3521507	Irapuã		Matrícula na Educação de Jovens e Adultos (EJA) no Ensino Fundamental: 
216	3521606	Irapuru		Matrícula na Educação de Jovens e Adultos (EJA) no Ensino Fundamental: 
217	3521705	Itaberá		Matrícula na Educação de Jovens e Adultos (EJA) no Ensino Fundamental: 
218	3521804	Itaí		Matrícula na Educação de Jovens e Adultos (EJA) no Ensino Fundamental: 
219	3521903	Itajobi		Matrícula na Educação de Jovens e Adultos (EJA) no Ensino Fundamental: 
220	3522000	Itaju		Matrícula na Educação de Jovens e Adultos (EJA) no Ensino Fundamental: 
221	3522109	Itanhaém		Matrícula na Educação de Jovens e Adultos (EJA) no Ensino Fundamental: 
222	3522208	Itapecerica da Serra		Matrícula na Educação de Jovens e Adultos (EJA) no Ensino Fundamental: 
223	3522307	Itapetininga		Matrícula na Educação de Jovens e Adultos (EJA) no Ensino Fundamental: 
224	3522406	Itapeva		Matrícula na Educação de Jovens e Adultos (EJA) no Ensino Fundamental: 
225	3522505	Itapevi		Matrícula na Educação de Jovens e Adultos (EJA) no Ensino Fundamental: 
226	3522604	Itapira		Matrícula na Educação de Jovens e Adultos (EJA) no Ensino Fundamental: 
227	3522703	Itápolis		Matrícula na Educação de Jovens e Adultos (EJA) no Ensino Fundamental: 
228	3522802	Itaporanga		Matrícula na Educação de Jovens e Adultos (EJA) no Ensino Fundamental: 
229	3522901	Itapuí		Matrícula na Educação de Jovens e Adultos (EJA) no Ensino Fundamental: 
230	3523008	Itapura		Matrícula na Educação de Jovens e Adultos (EJA) no Ensino Fundamental: 
231	3523107	Itaquaquecetuba		Matrícula na Educação de Jovens e Adultos (EJA) no Ensino Fundamental: 
232	3523206	Itararé		Matrícula na Educação de Jovens e Adultos (EJA) no Ensino Fundamental: 
233	3523305	Itariri		Matrícula na Educação de Jovens e Adultos (EJA) no Ensino Fundamental: 
234	3523404	Itatiba		Matrícula na Educação de Jovens e Adultos (EJA) no Ensino Fundamental: 
235	3523503	Itatinga		Matrícula na Educação de Jovens e Adultos (EJA) no Ensino Fundamental: 
236	3523602	Itirapina		Matrícula na Educação de Jovens e Adultos (EJA) no Ensino Fundamental: 
237	3523701	Itirapuã		Matrícula na Educação de Jovens e Adultos (EJA) no Ensino Fundamental: 
238	3523800	Itobi		Matrícula na Educação de Jovens e Adultos (EJA) no Ensino Fundamental: 
239	3523909	Itu		Matrícula na Educação de Jovens e Adultos (EJA) no Ensino Fundamental: 
240	3524006	Itupeva		Matrícula na Educação de Jovens e Adultos (EJA) no Ensino Fundamental: 
241	3524105	Ituverava		Matrícula na Educação de Jovens e Adultos (EJA) no Ensino Fundamental: 
242	3524204	Jaborandi		Matrícula na Educação de Jovens e Adultos (EJA) no Ensino Fundamental: 
243	3524303	Jaboticabal		Matrícula na Educação de Jovens e Adultos (EJA) no Ensino Fundamental: 
244	3524402	Jacareí		Matrícula na Educação de Jovens e Adultos (EJA) no Ensino Fundamental: 
245	3524501	Jaci		Matrícula na Educação de Jovens e Adultos (EJA) no Ensino Fundamental: 
246	3524600	Jacupiranga		Matrícula na Educação de Jovens e Adultos (EJA) no Ensino Fundamental: 
247	3524709	Jaguariúna		Matrícula na Educação de Jovens e Adultos (EJA) no Ensino Fundamental: 
248	3524808	Jales		Matrícula na Educação de Jovens e Adultos (EJA) no Ensino Fundamental: 
249	3524907	Jambeiro		Matrícula na Educação de Jovens e Adultos (EJA) no Ensino Fundamental: 
250	3525003	Jandira		Matrícula na Educação de Jovens e Adultos (EJA) no Ensino Fundamental: 
251	3525102	Jardinópolis		Matrícula na Educação de Jovens e Adultos (EJA) no Ensino Fundamental: 
252	3525201	Jarinu		Matrícula na Educação de Jovens e Adultos (EJA) no Ensino Fundamental: 
253	3525300	Jaú		Matrícula na Educação de Jovens e Adultos (EJA) no Ensino Fundamental: 
254	3525409	Jeriquara		Matrícula na Educação de Jovens e Adultos (EJA) no Ensino Fundamental: 
255	3525508	Joanópolis		Matrícula na Educação de Jovens e Adultos (EJA) no Ensino Fundamental: 
256	3525607	João Ramalho		Matrícula na Educação de Jovens e Adultos (EJA) no Ensino Fundamental: 
257	3525706	José Bonifácio		Matrícula na Educação de Jovens e Adultos (EJA) no Ensino Fundamental: 
258	3525805	Júlio Mesquita		Matrícula na Educação de Jovens e Adultos (EJA) no Ensino Fundamental: 
259	3525904	Jundiaí		Matrícula na Educação de Jovens e Adultos (EJA) no Ensino Fundamental: 
260	3526001	Junqueirópolis		Matrícula na Educação de Jovens e Adultos (EJA) no Ensino Fundamental: 
261	3526100	Juquiá		Matrícula na Educação de Jovens e Adultos (EJA) no Ensino Fundamental: 
262	3526209	Juquitiba		Matrícula na Educação de Jovens e Adultos (EJA) no Ensino Fundamental: 
263	3526308	Lagoinha		Matrícula na Educação de Jovens e Adultos (EJA) no Ensino Fundamental: 
264	3526407	Laranjal Paulista		Matrícula na Educação de Jovens e Adultos (EJA) no Ensino Fundamental: 
265	3526506	Lavínia		Matrícula na Educação de Jovens e Adultos (EJA) no Ensino Fundamental: 
266	3526605	Lavrinhas		Matrícula na Educação de Jovens e Adultos (EJA) no Ensino Fundamental: 
267	3526704	Leme		Matrícula na Educação de Jovens e Adultos (EJA) no Ensino Fundamental: 
268	3526803	Lençóis Paulista		Matrícula na Educação de Jovens e Adultos (EJA) no Ensino Fundamental: 
269	3526902	Limeira		Matrícula na Educação de Jovens e Adultos (EJA) no Ensino Fundamental: 
270	3527009	Lindóia		Matrícula na Educação de Jovens e Adultos (EJA) no Ensino Fundamental: 
271	3527108	Lins		Matrícula na Educação de Jovens e Adultos (EJA) no Ensino Fundamental: 
272	3527207	Lorena		Matrícula na Educação de Jovens e Adultos (EJA) no Ensino Fundamental: 
273	3527306	Louveira		Matrícula na Educação de Jovens e Adultos (EJA) no Ensino Fundamental: 
274	3527405	Lucélia		Matrícula na Educação de Jovens e Adultos (EJA) no Ensino Fundamental: 
275	3527504	Lucianópolis		Matrícula na Educação de Jovens e Adultos (EJA) no Ensino Fundamental: 
276	3527603	Luís Antônio		Matrícula na Educação de Jovens e Adultos (EJA) no Ensino Fundamental: 
277	3527702	Luiziânia		Matrícula na Educação de Jovens e Adultos (EJA) no Ensino Fundamental: 
278	3527801	Lupércio		Matrícula na Educação de Jovens e Adultos (EJA) no Ensino Fundamental: 
279	3527900	Lutécia		Matrícula na Educação de Jovens e Adultos (EJA) no Ensino Fundamental: 
280	3528007	Macatuba		Matrícula na Educação de Jovens e Adultos (EJA) no Ensino Fundamental: 
281	3528106	Macaubal		Matrícula na Educação de Jovens e Adultos (EJA) no Ensino Fundamental: 
282	3528205	Macedônia		Matrícula na Educação de Jovens e Adultos (EJA) no Ensino Fundamental: 
283	3528304	Magda		Matrícula na Educação de Jovens e Adultos (EJA) no Ensino Fundamental: 
284	3528403	Mairinque		Matrícula na Educação de Jovens e Adultos (EJA) no Ensino Fundamental: 
285	3528502	Mairiporã		Matrícula na Educação de Jovens e Adultos (EJA) no Ensino Fundamental: 
286	3528601	Manduri		Matrícula na Educação de Jovens e Adultos (EJA) no Ensino Fundamental: 
287	3528700	Marabá Paulista		Matrícula na Educação de Jovens e Adultos (EJA) no Ensino Fundamental: 
288	3528809	Maracaí		Matrícula na Educação de Jovens e Adultos (EJA) no Ensino Fundamental: 
289	3528908	Mariápolis		Matrícula na Educação de Jovens e Adultos (EJA) no Ensino Fundamental: 
290	3529005	Marília		Matrícula na Educação de Jovens e Adultos (EJA) no Ensino Fundamental: 
291	3529104	Marinópolis		Matrícula na Educação de Jovens e Adultos (EJA) no Ensino Fundamental: 
292	3529203	Martinópolis		Matrícula na Educação de Jovens e Adultos (EJA) no Ensino Fundamental: 
293	3529302	Matão		Matrícula na Educação de Jovens e Adultos (EJA) no Ensino Fundamental: 
294	3529401	Mauá		Matrícula na Educação de Jovens e Adultos (EJA) no Ensino Fundamental: 
295	3529500	Mendonça		Matrícula na Educação de Jovens e Adultos (EJA) no Ensino Fundamental: 
296	3529609	Meridiano		Matrícula na Educação de Jovens e Adultos (EJA) no Ensino Fundamental: 
297	3529708	Miguelópolis		Matrícula na Educação de Jovens e Adultos (EJA) no Ensino Fundamental: 
298	3529807	Mineiros do Tietê		Matrícula na Educação de Jovens e Adultos (EJA) no Ensino Fundamental: 
299	3529906	Miracatu		Matrícula na Educação de Jovens e Adultos (EJA) no Ensino Fundamental: 
300	3530003	Mira Estrela		Matrícula na Educação de Jovens e Adultos (EJA) no Ensino Fundamental: 
301	3530102	Mirandópolis		Matrícula na Educação de Jovens e Adultos (EJA) no Ensino Fundamental: 
302	3530201	Mirante do Paranapanema		Matrícula na Educação de Jovens e Adultos (EJA) no Ensino Fundamental: 
303	3530300	Mirassol		Matrícula na Educação de Jovens e Adultos (EJA) no Ensino Fundamental: 
304	3530409	Mirassolândia		Matrícula na Educação de Jovens e Adultos (EJA) no Ensino Fundamental: 
305	3530508	Mococa		Matrícula na Educação de Jovens e Adultos (EJA) no Ensino Fundamental: 
306	3530607	Mogi das Cruzes		Matrícula na Educação de Jovens e Adultos (EJA) no Ensino Fundamental: 
307	3530706	Mogi Guaçu		Matrícula na Educação de Jovens e Adultos (EJA) no Ensino Fundamental: 
308	3530805	Moji Mirim		Matrícula na Educação de Jovens e Adultos (EJA) no Ensino Fundamental: 
309	3530904	Mombuca		Matrícula na Educação de Jovens e Adultos (EJA) no Ensino Fundamental: 
310	3531001	Monções		Matrícula na Educação de Jovens e Adultos (EJA) no Ensino Fundamental: 
311	3531100	Mongaguá		Matrícula na Educação de Jovens e Adultos (EJA) no Ensino Fundamental: 
312	3531209	Monte Alegre do Sul		Matrícula na Educação de Jovens e Adultos (EJA) no Ensino Fundamental: 
313	3531308	Monte Alto		Matrícula na Educação de Jovens e Adultos (EJA) no Ensino Fundamental: 
314	3531407	Monte Aprazível		Matrícula na Educação de Jovens e Adultos (EJA) no Ensino Fundamental: 
315	3531506	Monte Azul Paulista		Matrícula na Educação de Jovens e Adultos (EJA) no Ensino Fundamental: 
316	3531605	Monte Castelo		Matrícula na Educação de Jovens e Adultos (EJA) no Ensino Fundamental: 
317	3531704	Monteiro Lobato		Matrícula na Educação de Jovens e Adultos (EJA) no Ensino Fundamental: 
318	3531803	Monte Mor		Matrícula na Educação de Jovens e Adultos (EJA) no Ensino Fundamental: 
319	3531902	Morro Agudo		Matrícula na Educação de Jovens e Adultos (EJA) no Ensino Fundamental: 
320	3532009	Morungaba		Matrícula na Educação de Jovens e Adultos (EJA) no Ensino Fundamental: 
321	3532108	Murutinga do Sul		Matrícula na Educação de Jovens e Adultos (EJA) no Ensino Fundamental: 
322	3532207	Narandiba		Matrícula na Educação de Jovens e Adultos (EJA) no Ensino Fundamental: 
323	3532306	Natividade da Serra		Matrícula na Educação de Jovens e Adultos (EJA) no Ensino Fundamental: 
324	3532405	Nazaré Paulista		Matrícula na Educação de Jovens e Adultos (EJA) no Ensino Fundamental: 
325	3532504	Neves Paulista		Matrícula na Educação de Jovens e Adultos (EJA) no Ensino Fundamental: 
326	3532603	Nhandeara		Matrícula na Educação de Jovens e Adultos (EJA) no Ensino Fundamental: 
327	3532702	Nipoã		Matrícula na Educação de Jovens e Adultos (EJA) no Ensino Fundamental: 
328	3532801	Nova Aliança		Matrícula na Educação de Jovens e Adultos (EJA) no Ensino Fundamental: 
329	3532900	Nova Europa		Matrícula na Educação de Jovens e Adultos (EJA) no Ensino Fundamental: 
330	3533007	Nova Granada		Matrícula na Educação de Jovens e Adultos (EJA) no Ensino Fundamental: 
331	3533106	Nova Guataporanga		Matrícula na Educação de Jovens e Adultos (EJA) no Ensino Fundamental: 
332	3533205	Nova Independência		Matrícula na Educação de Jovens e Adultos (EJA) no Ensino Fundamental: 
333	3533304	Nova Luzitânia		Matrícula na Educação de Jovens e Adultos (EJA) no Ensino Fundamental: 
334	3533403	Nova Odessa		Matrícula na Educação de Jovens e Adultos (EJA) no Ensino Fundamental: 
335	3533502	Novo Horizonte		Matrícula na Educação de Jovens e Adultos (EJA) no Ensino Fundamental: 
336	3533601	Nuporanga		Matrícula na Educação de Jovens e Adultos (EJA) no Ensino Fundamental: 
337	3533700	Ocauçu		Matrícula na Educação de Jovens e Adultos (EJA) no Ensino Fundamental: 
338	3533809	Óleo		Matrícula na Educação de Jovens e Adultos (EJA) no Ensino Fundamental: 
339	3533908	Olímpia		Matrícula na Educação de Jovens e Adultos (EJA) no Ensino Fundamental: 
340	3534005	Onda Verde		Matrícula na Educação de Jovens e Adultos (EJA) no Ensino Fundamental: 
341	3534104	Oriente		Matrícula na Educação de Jovens e Adultos (EJA) no Ensino Fundamental: 
342	3534203	Orindiúva		Matrícula na Educação de Jovens e Adultos (EJA) no Ensino Fundamental: 
343	3534302	Orlândia		Matrícula na Educação de Jovens e Adultos (EJA) no Ensino Fundamental: 
344	3534401	Osasco		Matrícula na Educação de Jovens e Adultos (EJA) no Ensino Fundamental: 
345	3534500	Oscar Bressane		Matrícula na Educação de Jovens e Adultos (EJA) no Ensino Fundamental: 
346	3534609	Osvaldo Cruz		Matrícula na Educação de Jovens e Adultos (EJA) no Ensino Fundamental: 
347	3534708	Ourinhos		Matrícula na Educação de Jovens e Adultos (EJA) no Ensino Fundamental: 
348	3534807	Ouro Verde		Matrícula na Educação de Jovens e Adultos (EJA) no Ensino Fundamental: 
349	3534906	Pacaembu		Matrícula na Educação de Jovens e Adultos (EJA) no Ensino Fundamental: 
350	3535002	Palestina		Matrícula na Educação de Jovens e Adultos (EJA) no Ensino Fundamental: 
351	3535101	Palmares Paulista		Matrícula na Educação de Jovens e Adultos (EJA) no Ensino Fundamental: 
352	3535200	Palmeira d'Oeste		Matrícula na Educação de Jovens e Adultos (EJA) no Ensino Fundamental: 
353	3535309	Palmital		Matrícula na Educação de Jovens e Adultos (EJA) no Ensino Fundamental: 
354	3535408	Panorama		Matrícula na Educação de Jovens e Adultos (EJA) no Ensino Fundamental: 
355	3535507	Paraguaçu Paulista		Matrícula na Educação de Jovens e Adultos (EJA) no Ensino Fundamental: 
356	3535606	Paraibuna		Matrícula na Educação de Jovens e Adultos (EJA) no Ensino Fundamental: 
357	3535705	Paraíso		Matrícula na Educação de Jovens e Adultos (EJA) no Ensino Fundamental: 
358	3535804	Paranapanema		Matrícula na Educação de Jovens e Adultos (EJA) no Ensino Fundamental: 
359	3535903	Paranapuã		Matrícula na Educação de Jovens e Adultos (EJA) no Ensino Fundamental: 
360	3536000	Parapuã		Matrícula na Educação de Jovens e Adultos (EJA) no Ensino Fundamental: 
361	3536109	Pardinho		Matrícula na Educação de Jovens e Adultos (EJA) no Ensino Fundamental: 
362	3536208	Pariquera-Açu		Matrícula na Educação de Jovens e Adultos (EJA) no Ensino Fundamental: 
363	3536307	Patrocínio Paulista		Matrícula na Educação de Jovens e Adultos (EJA) no Ensino Fundamental: 
364	3536406	Paulicéia		Matrícula na Educação de Jovens e Adultos (EJA) no Ensino Fundamental: 
365	3536505	Paulínia		Matrícula na Educação de Jovens e Adultos (EJA) no Ensino Fundamental: 
366	3536604	Paulo de Faria		Matrícula na Educação de Jovens e Adultos (EJA) no Ensino Fundamental: 
367	3536703	Pederneiras		Matrícula na Educação de Jovens e Adultos (EJA) no Ensino Fundamental: 
368	3536802	Pedra Bela		Matrícula na Educação de Jovens e Adultos (EJA) no Ensino Fundamental: 
369	3536901	Pedranópolis		Matrícula na Educação de Jovens e Adultos (EJA) no Ensino Fundamental: 
370	3537008	Pedregulho		Matrícula na Educação de Jovens e Adultos (EJA) no Ensino Fundamental: 
371	3537107	Pedreira		Matrícula na Educação de Jovens e Adultos (EJA) no Ensino Fundamental: 
372	3537206	Pedro de Toledo		Matrícula na Educação de Jovens e Adultos (EJA) no Ensino Fundamental: 
373	3537305	Penápolis		Matrícula na Educação de Jovens e Adultos (EJA) no Ensino Fundamental: 
374	3537404	Pereira Barreto		Matrícula na Educação de Jovens e Adultos (EJA) no Ensino Fundamental: 
375	3537503	Pereiras		Matrícula na Educação de Jovens e Adultos (EJA) no Ensino Fundamental: 
376	3537602	Peruíbe		Matrícula na Educação de Jovens e Adultos (EJA) no Ensino Fundamental: 
377	3537701	Piacatu		Matrícula na Educação de Jovens e Adultos (EJA) no Ensino Fundamental: 
378	3537800	Piedade		Matrícula na Educação de Jovens e Adultos (EJA) no Ensino Fundamental: 
379	3537909	Pilar do Sul		Matrícula na Educação de Jovens e Adultos (EJA) no Ensino Fundamental: 
380	3538006	Pindamonhangaba		Matrícula na Educação de Jovens e Adultos (EJA) no Ensino Fundamental: 
381	3538105	Pindorama		Matrícula na Educação de Jovens e Adultos (EJA) no Ensino Fundamental: 
382	3515186	Espírito Santo do Pinhal		Matrícula na Educação de Jovens e Adultos (EJA) no Ensino Fundamental: 
383	3538204	Pinhalzinho		Matrícula na Educação de Jovens e Adultos (EJA) no Ensino Fundamental: 
384	3538303	Piquerobi		Matrícula na Educação de Jovens e Adultos (EJA) no Ensino Fundamental: 
385	3538501	Piquete		Matrícula na Educação de Jovens e Adultos (EJA) no Ensino Fundamental: 
386	3538600	Piracaia		Matrícula na Educação de Jovens e Adultos (EJA) no Ensino Fundamental: 
387	3538709	Piracicaba		Matrícula na Educação de Jovens e Adultos (EJA) no Ensino Fundamental: 
388	3538808	Piraju		Matrícula na Educação de Jovens e Adultos (EJA) no Ensino Fundamental: 
389	3538907	Pirajuí		Matrícula na Educação de Jovens e Adultos (EJA) no Ensino Fundamental: 
390	3539004	Pirangi		Matrícula na Educação de Jovens e Adultos (EJA) no Ensino Fundamental: 
391	3539103	Pirapora do Bom Jesus		Matrícula na Educação de Jovens e Adultos (EJA) no Ensino Fundamental: 
392	3539202	Pirapozinho		Matrícula na Educação de Jovens e Adultos (EJA) no Ensino Fundamental: 
393	3539301	Pirassununga		Matrícula na Educação de Jovens e Adultos (EJA) no Ensino Fundamental: 
394	3539400	Piratininga		Matrícula na Educação de Jovens e Adultos (EJA) no Ensino Fundamental: 
395	3539509	Pitangueiras		Matrícula na Educação de Jovens e Adultos (EJA) no Ensino Fundamental: 
396	3539608	Planalto		Matrícula na Educação de Jovens e Adultos (EJA) no Ensino Fundamental: 
397	3539707	Platina		Matrícula na Educação de Jovens e Adultos (EJA) no Ensino Fundamental: 
398	3539806	Poá		Matrícula na Educação de Jovens e Adultos (EJA) no Ensino Fundamental: 
399	3539905	Poloni		Matrícula na Educação de Jovens e Adultos (EJA) no Ensino Fundamental: 
400	3540002	Pompéia		Matrícula na Educação de Jovens e Adultos (EJA) no Ensino Fundamental: 
401	3540101	Pongaí		Matrícula na Educação de Jovens e Adultos (EJA) no Ensino Fundamental: 
402	3540200	Pontal		Matrícula na Educação de Jovens e Adultos (EJA) no Ensino Fundamental: 
403	3540309	Pontes Gestal		Matrícula na Educação de Jovens e Adultos (EJA) no Ensino Fundamental: 
404	3540408	Populina		Matrícula na Educação de Jovens e Adultos (EJA) no Ensino Fundamental: 
405	3540507	Porangaba		Matrícula na Educação de Jovens e Adultos (EJA) no Ensino Fundamental: 
406	3540606	Porto Feliz		Matrícula na Educação de Jovens e Adultos (EJA) no Ensino Fundamental: 
407	3540705	Porto Ferreira		Matrícula na Educação de Jovens e Adultos (EJA) no Ensino Fundamental: 
408	3540804	Potirendaba		Matrícula na Educação de Jovens e Adultos (EJA) no Ensino Fundamental: 
409	3540903	Pradópolis		Matrícula na Educação de Jovens e Adultos (EJA) no Ensino Fundamental: 
410	3541000	Praia Grande		Matrícula na Educação de Jovens e Adultos (EJA) no Ensino Fundamental: 
411	3541109	Presidente Alves		Matrícula na Educação de Jovens e Adultos (EJA) no Ensino Fundamental: 
412	3541208	Presidente Bernardes		Matrícula na Educação de Jovens e Adultos (EJA) no Ensino Fundamental: 
413	3541307	Presidente Epitácio		Matrícula na Educação de Jovens e Adultos (EJA) no Ensino Fundamental: 
414	3541406	Presidente Prudente		Matrícula na Educação de Jovens e Adultos (EJA) no Ensino Fundamental: 
415	3541505	Presidente Venceslau		Matrícula na Educação de Jovens e Adultos (EJA) no Ensino Fundamental: 
416	3541604	Promissão		Matrícula na Educação de Jovens e Adultos (EJA) no Ensino Fundamental: 
417	3541703	Quatá		Matrícula na Educação de Jovens e Adultos (EJA) no Ensino Fundamental: 
418	3541802	Queiroz		Matrícula na Educação de Jovens e Adultos (EJA) no Ensino Fundamental: 
419	3541901	Queluz		Matrícula na Educação de Jovens e Adultos (EJA) no Ensino Fundamental: 
420	3542008	Quintana		Matrícula na Educação de Jovens e Adultos (EJA) no Ensino Fundamental: 
421	3542107	Rafard		Matrícula na Educação de Jovens e Adultos (EJA) no Ensino Fundamental: 
422	3542206	Rancharia		Matrícula na Educação de Jovens e Adultos (EJA) no Ensino Fundamental: 
423	3542305	Redenção da Serra		Matrícula na Educação de Jovens e Adultos (EJA) no Ensino Fundamental: 
424	3542404	Regente Feijó		Matrícula na Educação de Jovens e Adultos (EJA) no Ensino Fundamental: 
425	3542503	Reginópolis		Matrícula na Educação de Jovens e Adultos (EJA) no Ensino Fundamental: 
426	3542602	Registro		Matrícula na Educação de Jovens e Adultos (EJA) no Ensino Fundamental: 
427	3542701	Restinga		Matrícula na Educação de Jovens e Adultos (EJA) no Ensino Fundamental: 
428	3542800	Ribeira		Matrícula na Educação de Jovens e Adultos (EJA) no Ensino Fundamental: 
429	3542909	Ribeirão Bonito		Matrícula na Educação de Jovens e Adultos (EJA) no Ensino Fundamental: 
430	3543006	Ribeirão Branco		Matrícula na Educação de Jovens e Adultos (EJA) no Ensino Fundamental: 
431	3543105	Ribeirão Corrente		Matrícula na Educação de Jovens e Adultos (EJA) no Ensino Fundamental: 
432	3543204	Ribeirão do Sul		Matrícula na Educação de Jovens e Adultos (EJA) no Ensino Fundamental: 
433	3543303	Ribeirão Pires		Matrícula na Educação de Jovens e Adultos (EJA) no Ensino Fundamental: 
434	3543402	Ribeirão Preto		Matrícula na Educação de Jovens e Adultos (EJA) no Ensino Fundamental: 
435	3543501	Riversul		Matrícula na Educação de Jovens e Adultos (EJA) no Ensino Fundamental: 
436	3543600	Rifaina		Matrícula na Educação de Jovens e Adultos (EJA) no Ensino Fundamental: 
437	3543709	Rincão		Matrícula na Educação de Jovens e Adultos (EJA) no Ensino Fundamental: 
438	3543808	Rinópolis		Matrícula na Educação de Jovens e Adultos (EJA) no Ensino Fundamental: 
439	3543907	Rio Claro		Matrícula na Educação de Jovens e Adultos (EJA) no Ensino Fundamental: 
440	3544004	Rio das Pedras		Matrícula na Educação de Jovens e Adultos (EJA) no Ensino Fundamental: 
441	3544103	Rio Grande da Serra		Matrícula na Educação de Jovens e Adultos (EJA) no Ensino Fundamental: 
442	3544202	Riolândia		Matrícula na Educação de Jovens e Adultos (EJA) no Ensino Fundamental: 
443	3544301	Roseira		Matrícula na Educação de Jovens e Adultos (EJA) no Ensino Fundamental: 
444	3544400	Rubiácea		Matrícula na Educação de Jovens e Adultos (EJA) no Ensino Fundamental: 
445	3544509	Rubinéia		Matrícula na Educação de Jovens e Adultos (EJA) no Ensino Fundamental: 
446	3544608	Sabino		Matrícula na Educação de Jovens e Adultos (EJA) no Ensino Fundamental: 
447	3544707	Sagres		Matrícula na Educação de Jovens e Adultos (EJA) no Ensino Fundamental: 
448	3544806	Sales		Matrícula na Educação de Jovens e Adultos (EJA) no Ensino Fundamental: 
449	3544905	Sales Oliveira		Matrícula na Educação de Jovens e Adultos (EJA) no Ensino Fundamental: 
450	3545001	Salesópolis		Matrícula na Educação de Jovens e Adultos (EJA) no Ensino Fundamental: 
451	3545100	Salmourão		Matrícula na Educação de Jovens e Adultos (EJA) no Ensino Fundamental: 
452	3545209	Salto		Matrícula na Educação de Jovens e Adultos (EJA) no Ensino Fundamental: 
453	3545308	Salto de Pirapora		Matrícula na Educação de Jovens e Adultos (EJA) no Ensino Fundamental: 
454	3545407	Salto Grande		Matrícula na Educação de Jovens e Adultos (EJA) no Ensino Fundamental: 
455	3545506	Sandovalina		Matrícula na Educação de Jovens e Adultos (EJA) no Ensino Fundamental: 
456	3545605	Santa Adélia		Matrícula na Educação de Jovens e Adultos (EJA) no Ensino Fundamental: 
457	3545704	Santa Albertina		Matrícula na Educação de Jovens e Adultos (EJA) no Ensino Fundamental: 
458	3545803	Santa Bárbara d'Oeste		Matrícula na Educação de Jovens e Adultos (EJA) no Ensino Fundamental: 
459	3500550	Águas de Santa Bárbara		Matrícula na Educação de Jovens e Adultos (EJA) no Ensino Fundamental: 
460	3546009	Santa Branca		Matrícula na Educação de Jovens e Adultos (EJA) no Ensino Fundamental: 
461	3546108	Santa Clara d'Oeste		Matrícula na Educação de Jovens e Adultos (EJA) no Ensino Fundamental: 
462	3546207	Santa Cruz da Conceição		Matrícula na Educação de Jovens e Adultos (EJA) no Ensino Fundamental: 
463	3546306	Santa Cruz das Palmeiras		Matrícula na Educação de Jovens e Adultos (EJA) no Ensino Fundamental: 
464	3546405	Santa Cruz do Rio Pardo		Matrícula na Educação de Jovens e Adultos (EJA) no Ensino Fundamental: 
465	3546504	Santa Ernestina		Matrícula na Educação de Jovens e Adultos (EJA) no Ensino Fundamental: 
466	3546603	Santa Fé do Sul		Matrícula na Educação de Jovens e Adultos (EJA) no Ensino Fundamental: 
467	3546702	Santa Gertrudes		Matrícula na Educação de Jovens e Adultos (EJA) no Ensino Fundamental: 
468	3546801	Santa Isabel		Matrícula na Educação de Jovens e Adultos (EJA) no Ensino Fundamental: 
469	3546900	Santa Lucia		Matrícula na Educação de Jovens e Adultos (EJA) no Ensino Fundamental: 
470	3547007	Santa Maria da Serra		Matrícula na Educação de Jovens e Adultos (EJA) no Ensino Fundamental: 
471	3547106	Santa Mercedes		Matrícula na Educação de Jovens e Adultos (EJA) no Ensino Fundamental: 
472	3547403	Santa Rita d'Oeste		Matrícula na Educação de Jovens e Adultos (EJA) no Ensino Fundamental: 
473	3547502	Santa Rita do Passa Quatro		Matrícula na Educação de Jovens e Adultos (EJA) no Ensino Fundamental: 
474	3547601	Santa Rosa do Viterbo		Matrícula na Educação de Jovens e Adultos (EJA) no Ensino Fundamental: 
475	3547205	Santana da Ponte Pensa		Matrícula na Educação de Jovens e Adultos (EJA) no Ensino Fundamental: 
476	3547304	Santana de Parnaíba		Matrícula na Educação de Jovens e Adultos (EJA) no Ensino Fundamental: 
477	3547700	Santo Anastácio		Matrícula na Educação de Jovens e Adultos (EJA) no Ensino Fundamental: 
478	3547809	Santo André		Matrícula na Educação de Jovens e Adultos (EJA) no Ensino Fundamental: 
479	3547908	Santo Antonio da Alegria		Matrícula na Educação de Jovens e Adultos (EJA) no Ensino Fundamental: 
480	3548104	Santo Antonio do Jardim		Matrícula na Educação de Jovens e Adultos (EJA) no Ensino Fundamental: 
481	3548203	Santo Antonio do Pinhal		Matrícula na Educação de Jovens e Adultos (EJA) no Ensino Fundamental: 
482	3548005	Santo Antonio de Posse		Matrícula na Educação de Jovens e Adultos (EJA) no Ensino Fundamental: 
483	3548302	Santo Expedito		Matrícula na Educação de Jovens e Adultos (EJA) no Ensino Fundamental: 
484	3548401	Santópolis do Aguapeí		Matrícula na Educação de Jovens e Adultos (EJA) no Ensino Fundamental: 
485	3548500	Santos		Matrícula na Educação de Jovens e Adultos (EJA) no Ensino Fundamental: 
486	3548609	São Bento do Sapucaí		Matrícula na Educação de Jovens e Adultos (EJA) no Ensino Fundamental: 
487	3548708	São Bernardo do Campo		Matrícula na Educação de Jovens e Adultos (EJA) no Ensino Fundamental: 
488	3548807	São Caetano do Sul		Matrícula na Educação de Jovens e Adultos (EJA) no Ensino Fundamental: 
489	3548906	São Carlos		Matrícula na Educação de Jovens e Adultos (EJA) no Ensino Fundamental: 
490	3549003	São Francisco		Matrícula na Educação de Jovens e Adultos (EJA) no Ensino Fundamental: 
491	3549102	São João da Boa Vista		Matrícula na Educação de Jovens e Adultos (EJA) no Ensino Fundamental: 
492	3549201	São João das Duas Pontes		Matrícula na Educação de Jovens e Adultos (EJA) no Ensino Fundamental: 
493	3549300	São João do Pau d'Alho		Matrícula na Educação de Jovens e Adultos (EJA) no Ensino Fundamental: 
494	3549409	São Joaquim da Barra		Matrícula na Educação de Jovens e Adultos (EJA) no Ensino Fundamental: 
495	3549607	São José do Barreiro		Matrícula na Educação de Jovens e Adultos (EJA) no Ensino Fundamental: 
496	3549508	São José da Bela Vista		Matrícula na Educação de Jovens e Adultos (EJA) no Ensino Fundamental: 
497	3549706	São José do Rio Pardo		Matrícula na Educação de Jovens e Adultos (EJA) no Ensino Fundamental: 
498	3549805	São José do Rio Preto		Matrícula na Educação de Jovens e Adultos (EJA) no Ensino Fundamental: 
499	3549904	São José dos Campos		Matrícula na Educação de Jovens e Adultos (EJA) no Ensino Fundamental: 
500	3550001	São Luís do Paraitinga		Matrícula na Educação de Jovens e Adultos (EJA) no Ensino Fundamental: 
501	3550100	São Manuel		Matrícula na Educação de Jovens e Adultos (EJA) no Ensino Fundamental: 
502	3550209	São Miguel Arcanjo		Matrícula na Educação de Jovens e Adultos (EJA) no Ensino Fundamental: 
503	3550308	São Paulo		Matrícula na Educação de Jovens e Adultos (EJA) no Ensino Fundamental: 
504	3550407	São Pedro		Matrícula na Educação de Jovens e Adultos (EJA) no Ensino Fundamental: 
505	3550506	São Pedro do Turvo		Matrícula na Educação de Jovens e Adultos (EJA) no Ensino Fundamental: 
506	3550605	São Roque		Matrícula na Educação de Jovens e Adultos (EJA) no Ensino Fundamental: 
507	3550704	São Sebastião		Matrícula na Educação de Jovens e Adultos (EJA) no Ensino Fundamental: 
508	3550803	São Sebastião da Grama		Matrícula na Educação de Jovens e Adultos (EJA) no Ensino Fundamental: 
509	3550902	São Simão		Matrícula na Educação de Jovens e Adultos (EJA) no Ensino Fundamental: 
510	3551009	São Vicente		Matrícula na Educação de Jovens e Adultos (EJA) no Ensino Fundamental: 
511	3551108	Sarapuí		Matrícula na Educação de Jovens e Adultos (EJA) no Ensino Fundamental: 
512	3551207	Sarutaiá		Matrícula na Educação de Jovens e Adultos (EJA) no Ensino Fundamental: 
513	3551306	Sebastianópolis do Sul		Matrícula na Educação de Jovens e Adultos (EJA) no Ensino Fundamental: 
514	3551405	Serra Azul		Matrícula na Educação de Jovens e Adultos (EJA) no Ensino Fundamental: 
515	3551603	Serra Negra		Matrícula na Educação de Jovens e Adultos (EJA) no Ensino Fundamental: 
516	3551504	Serrana		Matrícula na Educação de Jovens e Adultos (EJA) no Ensino Fundamental: 
517	3551702	Sertãozinho		Matrícula na Educação de Jovens e Adultos (EJA) no Ensino Fundamental: 
518	3551801	Sete Barras		Matrícula na Educação de Jovens e Adultos (EJA) no Ensino Fundamental: 
519	3551900	Severínia		Matrícula na Educação de Jovens e Adultos (EJA) no Ensino Fundamental: 
520	3552007	Silveiras		Matrícula na Educação de Jovens e Adultos (EJA) no Ensino Fundamental: 
521	3552106	Socorro		Matrícula na Educação de Jovens e Adultos (EJA) no Ensino Fundamental: 
522	3552205	Sorocaba		Matrícula na Educação de Jovens e Adultos (EJA) no Ensino Fundamental: 
523	3552304	Sud Mennucci		Matrícula na Educação de Jovens e Adultos (EJA) no Ensino Fundamental: 
524	3552403	Sumaré		Matrícula na Educação de Jovens e Adultos (EJA) no Ensino Fundamental: 
525	3552502	Suzano		Matrícula na Educação de Jovens e Adultos (EJA) no Ensino Fundamental: 
526	3552601	Tabapuã		Matrícula na Educação de Jovens e Adultos (EJA) no Ensino Fundamental: 
527	3552700	Tabatinga		Matrícula na Educação de Jovens e Adultos (EJA) no Ensino Fundamental: 
528	3552809	Taboão da Serra		Matrícula na Educação de Jovens e Adultos (EJA) no Ensino Fundamental: 
529	3552908	Taciba		Matrícula na Educação de Jovens e Adultos (EJA) no Ensino Fundamental: 
530	3553005	Taguaí		Matrícula na Educação de Jovens e Adultos (EJA) no Ensino Fundamental: 
531	3553104	Taiaçu		Matrícula na Educação de Jovens e Adultos (EJA) no Ensino Fundamental: 
532	3553203	Taiúva		Matrícula na Educação de Jovens e Adultos (EJA) no Ensino Fundamental: 
533	3553302	Tambaú		Matrícula na Educação de Jovens e Adultos (EJA) no Ensino Fundamental: 
534	3553401	Tanabi		Matrícula na Educação de Jovens e Adultos (EJA) no Ensino Fundamental: 
535	3553500	Tapiraí		Matrícula na Educação de Jovens e Adultos (EJA) no Ensino Fundamental: 
536	3553609	Tapiratiba		Matrícula na Educação de Jovens e Adultos (EJA) no Ensino Fundamental: 
537	3553708	Taquaritinga		Matrícula na Educação de Jovens e Adultos (EJA) no Ensino Fundamental: 
538	3553807	Taquarituba		Matrícula na Educação de Jovens e Adultos (EJA) no Ensino Fundamental: 
539	3553906	Tarabaí		Matrícula na Educação de Jovens e Adultos (EJA) no Ensino Fundamental: 
540	3554003	Tatuí		Matrícula na Educação de Jovens e Adultos (EJA) no Ensino Fundamental: 
541	3554102	Taubaté		Matrícula na Educação de Jovens e Adultos (EJA) no Ensino Fundamental: 
542	3554201	Tejupá		Matrícula na Educação de Jovens e Adultos (EJA) no Ensino Fundamental: 
543	3554300	Teodoro Sampaio		Matrícula na Educação de Jovens e Adultos (EJA) no Ensino Fundamental: 
544	3554409	Terra Roxa		Matrícula na Educação de Jovens e Adultos (EJA) no Ensino Fundamental: 
545	3554508	Tietê		Matrícula na Educação de Jovens e Adultos (EJA) no Ensino Fundamental: 
546	3554607	Timburi		Matrícula na Educação de Jovens e Adultos (EJA) no Ensino Fundamental: 
547	3554706	Torrinha		Matrícula na Educação de Jovens e Adultos (EJA) no Ensino Fundamental: 
548	3554805	Tremembé		Matrícula na Educação de Jovens e Adultos (EJA) no Ensino Fundamental: 
549	3554904	Três Fronteiras		Matrícula na Educação de Jovens e Adultos (EJA) no Ensino Fundamental: 
550	3555000	Tupã		Matrícula na Educação de Jovens e Adultos (EJA) no Ensino Fundamental: 
551	3555109	Tupi Paulista		Matrícula na Educação de Jovens e Adultos (EJA) no Ensino Fundamental: 
552	3555208	Turiúba		Matrícula na Educação de Jovens e Adultos (EJA) no Ensino Fundamental: 
553	3555307	Turmalina		Matrícula na Educação de Jovens e Adultos (EJA) no Ensino Fundamental: 
554	3555406	Ubatuba		Matrícula na Educação de Jovens e Adultos (EJA) no Ensino Fundamental: 
555	3555505	Ubirajara		Matrícula na Educação de Jovens e Adultos (EJA) no Ensino Fundamental: 
556	3555604	Uchôa		Matrícula na Educação de Jovens e Adultos (EJA) no Ensino Fundamental: 
557	3555703	União Paulista		Matrícula na Educação de Jovens e Adultos (EJA) no Ensino Fundamental: 
558	3555802	Urânia		Matrícula na Educação de Jovens e Adultos (EJA) no Ensino Fundamental: 
559	3555901	Uru		Matrícula na Educação de Jovens e Adultos (EJA) no Ensino Fundamental: 
560	3556008	Urupês		Matrícula na Educação de Jovens e Adultos (EJA) no Ensino Fundamental: 
561	3556107	Valentim Gentil		Matrícula na Educação de Jovens e Adultos (EJA) no Ensino Fundamental: 
562	3556206	Valinhos		Matrícula na Educação de Jovens e Adultos (EJA) no Ensino Fundamental: 
563	3556305	Valparaíso		Matrícula na Educação de Jovens e Adultos (EJA) no Ensino Fundamental: 
564	3556404	Vargem Grande do Sul		Matrícula na Educação de Jovens e Adultos (EJA) no Ensino Fundamental: 
565	3556503	Várzea Paulista		Matrícula na Educação de Jovens e Adultos (EJA) no Ensino Fundamental: 
566	3556602	Vera Cruz		Matrícula na Educação de Jovens e Adultos (EJA) no Ensino Fundamental: 
567	3556701	Vinhedo		Matrícula na Educação de Jovens e Adultos (EJA) no Ensino Fundamental: 
568	3556800	Viradouro		Matrícula na Educação de Jovens e Adultos (EJA) no Ensino Fundamental: 
569	3556909	Vista Alegre do Alto		Matrícula na Educação de Jovens e Adultos (EJA) no Ensino Fundamental: 
570	3557006	Votorantim		Matrícula na Educação de Jovens e Adultos (EJA) no Ensino Fundamental: 
571	3557105	Votuporanga		Matrícula na Educação de Jovens e Adultos (EJA) no Ensino Fundamental: 
572	3556453	Vargem Grande Paulista		Matrícula na Educação de Jovens e Adultos (EJA) no Ensino Fundamental: 
573	3500758	Alambari		Matrícula na Educação de Jovens e Adultos (EJA) no Ensino Fundamental: 
574	3501152	Alumínio		Matrícula na Educação de Jovens e Adultos (EJA) no Ensino Fundamental: 
575	3502754	Araçariguama		Matrícula na Educação de Jovens e Adultos (EJA) no Ensino Fundamental: 
576	3503158	Arapeí		Matrícula na Educação de Jovens e Adultos (EJA) no Ensino Fundamental: 
577	3503950	Aspásia		Matrícula na Educação de Jovens e Adultos (EJA) no Ensino Fundamental: 
578	3505351	Barra do Chapéu		Matrícula na Educação de Jovens e Adultos (EJA) no Ensino Fundamental: 
579	3506359	Bertioga		Matrícula na Educação de Jovens e Adultos (EJA) no Ensino Fundamental: 
580	3507159	Bom Sucesso de Itararé		Matrícula na Educação de Jovens e Adultos (EJA) no Ensino Fundamental: 
581	3507456	Borebi		Matrícula na Educação de Jovens e Adultos (EJA) no Ensino Fundamental: 
582	3509254	Cajati		Matrícula na Educação de Jovens e Adultos (EJA) no Ensino Fundamental: 
583	3509452	Campina do Monte Alegre		Matrícula na Educação de Jovens e Adultos (EJA) no Ensino Fundamental: 
584	3510153	Canitar		Matrícula na Educação de Jovens e Adultos (EJA) no Ensino Fundamental: 
585	3513850	Dirce Reis		Matrícula na Educação de Jovens e Adultos (EJA) no Ensino Fundamental: 
586	3514924	Elisiário		Matrícula na Educação de Jovens e Adultos (EJA) no Ensino Fundamental: 
587	3514957	Embaúba		Matrícula na Educação de Jovens e Adultos (EJA) no Ensino Fundamental: 
588	3515129	Emilianópolis		Matrícula na Educação de Jovens e Adultos (EJA) no Ensino Fundamental: 
589	3515152	Engenheiro Coelho		Matrícula na Educação de Jovens e Adultos (EJA) no Ensino Fundamental: 
590	3515194	Espírito Santo do Turvo		Matrícula na Educação de Jovens e Adultos (EJA) no Ensino Fundamental: 
591	3557303	Estiva Gerbi		Matrícula na Educação de Jovens e Adultos (EJA) no Ensino Fundamental: 
592	3515350	Euclides da Cunha Paulista		Matrícula na Educação de Jovens e Adultos (EJA) no Ensino Fundamental: 
593	3518859	Guatapará		Matrícula na Educação de Jovens e Adultos (EJA) no Ensino Fundamental: 
594	3519055	Holambra		Matrícula na Educação de Jovens e Adultos (EJA) no Ensino Fundamental: 
595	3519071	Hortolândia		Matrícula na Educação de Jovens e Adultos (EJA) no Ensino Fundamental: 
596	3519253	Iaras		Matrícula na Educação de Jovens e Adultos (EJA) no Ensino Fundamental: 
597	3520426	Ilha Comprida		Matrícula na Educação de Jovens e Adultos (EJA) no Ensino Fundamental: 
598	3520442	Ilha Solteira		Matrícula na Educação de Jovens e Adultos (EJA) no Ensino Fundamental: 
599	3522158	Itaóca		Matrícula na Educação de Jovens e Adultos (EJA) no Ensino Fundamental: 
600	3522653	Itapirapuã Paulista		Matrícula na Educação de Jovens e Adultos (EJA) no Ensino Fundamental: 
601	3527256	Lourdes		Matrícula na Educação de Jovens e Adultos (EJA) no Ensino Fundamental: 
602	3528858	Marapoama		Matrícula na Educação de Jovens e Adultos (EJA) no Ensino Fundamental: 
603	3529658	Mesópolis		Matrícula na Educação de Jovens e Adultos (EJA) no Ensino Fundamental: 
604	3532058	Motuca		Matrícula na Educação de Jovens e Adultos (EJA) no Ensino Fundamental: 
605	3532827	Nova Campina		Matrícula na Educação de Jovens e Adultos (EJA) no Ensino Fundamental: 
606	3532843	Nova Canaã Paulista		Matrícula na Educação de Jovens e Adultos (EJA) no Ensino Fundamental: 
607	3533254	Novais		Matrícula na Educação de Jovens e Adultos (EJA) no Ensino Fundamental: 
608	3536257	Parisi		Matrícula na Educação de Jovens e Adultos (EJA) no Ensino Fundamental: 
609	3537156	Pedrinhas Paulista		Matrícula na Educação de Jovens e Adultos (EJA) no Ensino Fundamental: 
610	3540259	Pontalinda		Matrícula na Educação de Jovens e Adultos (EJA) no Ensino Fundamental: 
611	3540754	Potim		Matrícula na Educação de Jovens e Adultos (EJA) no Ensino Fundamental: 
612	3543253	Ribeirão Grande		Matrícula na Educação de Jovens e Adultos (EJA) no Ensino Fundamental: 
613	3544251	Rosana		Matrícula na Educação de Jovens e Adultos (EJA) no Ensino Fundamental: 
614	3545159	Saltinho		Matrícula na Educação de Jovens e Adultos (EJA) no Ensino Fundamental: 
615	3549250	São João de Iracema		Matrícula na Educação de Jovens e Adultos (EJA) no Ensino Fundamental: 
616	3549953	São Lourenço da Serra		Matrícula na Educação de Jovens e Adultos (EJA) no Ensino Fundamental: 
617	3548054	Santo Antonio do Aracanguá		Matrícula na Educação de Jovens e Adultos (EJA) no Ensino Fundamental: 
618	3552551	Suzanápolis		Matrícula na Educação de Jovens e Adultos (EJA) no Ensino Fundamental: 
619	3553856	Taquarivaí		Matrícula na Educação de Jovens e Adultos (EJA) no Ensino Fundamental: 
620	3553955	Tarumã		Matrícula na Educação de Jovens e Adultos (EJA) no Ensino Fundamental: 
621	3554656	Torre de Pedra		Matrícula na Educação de Jovens e Adultos (EJA) no Ensino Fundamental: 
622	3554953	Tuiuti		Matrícula na Educação de Jovens e Adultos (EJA) no Ensino Fundamental: 
623	3555356	Ubarana		Matrícula na Educação de Jovens e Adultos (EJA) no Ensino Fundamental: 
624	3556354	Vargem		Matrícula na Educação de Jovens e Adultos (EJA) no Ensino Fundamental: 
625	3557154	Zacarias		Matrícula na Educação de Jovens e Adultos (EJA) no Ensino Fundamental: 
626	3503356	Arco Íris		Matrícula na Educação de Jovens e Adultos (EJA) no Ensino Fundamental: 
627	3507753	Brejo Alegre		Matrícula na Educação de Jovens e Adultos (EJA) no Ensino Fundamental: 
628	3509957	Canas		Matrícula na Educação de Jovens e Adultos (EJA) no Ensino Fundamental: 
629	3540853	Pracinha		Matrícula na Educação de Jovens e Adultos (EJA) no Ensino Fundamental: 
630	3541059	Pratânia		Matrícula na Educação de Jovens e Adultos (EJA) no Ensino Fundamental: 
631	3541653	Quadra		Matrícula na Educação de Jovens e Adultos (EJA) no Ensino Fundamental: 
632	3546256	Santa Cruz da Esperança		Matrícula na Educação de Jovens e Adultos (EJA) no Ensino Fundamental: 
633	3547650	Santa Salete		Matrícula na Educação de Jovens e Adultos (EJA) no Ensino Fundamental: 
634	3556958	Vitória Brasil		Matrícula na Educação de Jovens e Adultos (EJA) no Ensino Fundamental: 
635	3521150	Ipiguá		Matrícula na Educação de Jovens e Adultos (EJA) no Ensino Fundamental: 
636	3553658	Taquaral		Matrícula na Educação de Jovens e Adultos (EJA) no Ensino Fundamental: 
637	3515657	Fernão		Matrícula na Educação de Jovens e Adultos (EJA) no Ensino Fundamental: 
638	3516853	Gavião Peixoto		Matrícula na Educação de Jovens e Adultos (EJA) no Ensino Fundamental: 
639	3525854	Jumirim		Matrícula na Educação de Jovens e Adultos (EJA) no Ensino Fundamental: 
640	3532157	Nantes		Matrícula na Educação de Jovens e Adultos (EJA) no Ensino Fundamental: 
641	3532868	Nova Castilho		Matrícula na Educação de Jovens e Adultos (EJA) no Ensino Fundamental: 
642	3534757	Ouroeste		Matrícula na Educação de Jovens e Adultos (EJA) no Ensino Fundamental: 
643	3536570	Paulistânia		Matrícula na Educação de Jovens e Adultos (EJA) no Ensino Fundamental: 
644	3543238	Ribeirão dos Índios		Matrícula na Educação de Jovens e Adultos (EJA) no Ensino Fundamental: 
645	3554755	Trabiju		Matrícula na Educação de Jovens e Adultos (EJA) no Ensino Fundamental: 
